\b\s+\b
[
      [50.91201782226563,32.309768433707305],
      [50.89691162109375,32.30628637073342],
      [50.88180541992188,32.285971669932344],
      [50.82618713378907,32.24126330750385],
      [50.82412719726563,32.1634066617876],
      [50.80696105957032,32.083156341101464],
      [50.78704833984376,32.05231681645636],
      [50.86189270019532,32.00924046613807],
      [50.84060668945313,31.994100723260804],
      [50.85708618164063,31.9556578436004],
      [50.88317871093751,31.934682214989405],
      [50.90927124023438,31.9498317604069],
      [50.87562561035156,31.97954092090903],
      [50.90103149414063,31.997012406423654],
      [50.88043212890626,32.04707888322257],
      [50.82687377929688,32.065701283676844],
      [50.85639953613282,32.102934710306215],
      [50.85365295410156,32.21105819239607],
      [50.920944213867195,32.28306919819514]
]